-0.746022655285621	-0.799693891305135	0.696186092547731	-2.06967877610745	-0.126493508143512	-0.388053757149339	-0.525493211503596	1.02405267351089	0.642444681873439	0.252337781952497	-0.363510294558969	-0.463859227033673	0.0621311319987968	1.80070209192763	-0.579676677600211	-0.443513096306526	-1.10974555680676	-1.42849230861724	-1.89995381900194	-0.959870177573458
-0.150219981469972	-0.419922687248708	-1.84870089030975	0.701901434563821	-0.918280690674338	-1.30530399999204	0.374877004917483	-0.714028759927495	-0.93075633450455	-1.27148956555451	-1.13030722510474	0.0541958071903219	0.158007671168604	-0.76300052748648	0.0784681269955618	0.927709818782828	1.31712399878851	0.921347236385005	0.0096866331050385	0.0894467318432311
-1.40059147178138	0.183291412165640	0.579196986733582	0.0762597357630317	-0.363397887413199	-1.30896154205709	0.47934150920871	-0.359877285454546	-1.44472609198809	-0.290076862652879	-1.34599848210352	0.88696270733115	-1.55763355400380	0.0722555314695962	-0.578836100873181	-1.45362799419901	-0.339858173006014	-0.738932513434913	-0.0991486717481169	0.554413170884386
-0.0159004423507984	-0.397633315560661	-0.262230386299772	0.482323695563033	-0.369220200004949	-0.768642159671064	-1.44125325576964	-0.0549390047241095	0.738687168974622	0.876387353662046	-1.93926627181148	1.87719788844740	-0.144813654512058	0.326118482901693	-1.6657495104509	-0.276346187516869	-1.41152516489929	1.12639176871630	-0.334530575866881	0.802955966825679
-0.580228512964125	-0.271155874158874	-0.223888346509725	-0.328928686783495	0.224751369087949	-0.536203353512798	-0.297309744358022	-0.163032728182949	0.368181288792525	-0.249203680659317	-0.236812073028386	0.787322554509368	-1.50956055672023	-1.02952558646827	-1.21778966154049	1.09888133564007	0.73230418109308	-1.33325045616344	0.290944806869439	0.495272242359046
-0.498168486373858	-0.519601988942684	-1.03430195313129	-0.715090219485452	0.927812801413038	-0.244637583573007	0.814953373264258	-0.4345471130784	-0.531266921129198	-0.579682829206192	-1.34378202191099	1.42168918036637	-0.66328839863004	0.280816103286912	0.558612590976878	1.15126048169695	-2.12397116177321	0.814582299247884	0.616359888378348	1.91529801406243
1.08339568428720	1.17092920201527	-0.395691989919664	0.787835608443716	1.43367644036393	-0.0187250372295165	0.706234381520377	1.13554218431124	0.182409357104236	0.439853864419609	0.565509635411873	1.08549787553911	-0.0198489864681797	-0.0975679443241828	-1.60741341033733	1.16537466115835	0.349411591629564	-0.734493199196226	0.298163920049573	-0.567402548032289
0.892002090790505	0.909853868873281	1.08759519062620	-0.594223963046694	1.53718932576077	-0.52045450338571	0.516388832129622	-0.112621075382444	-0.917537078572258	-0.195494997398122	-0.560017383765671	-1.47034189152297	0.441947130110543	-3.66143430212425	-0.946528984784755	1.01250408186718	-1.29029454438408	-0.987109950977423	0.094882750489756	0.573702515063552
-1.58803170765127	-0.785533022068306	-0.217453451685253	-1.12701680387008	-0.253432492295016	-0.0908067383244828	-0.878481850383215	-0.976068801645378	-0.407461361479476	-0.536682316718429	-2.16761632372357	-1.21301701392903	0.568040615939002	-0.208923593433493	0.285131714636469	-0.081264040091901	-0.195175889190691	-0.311586344445637	0.740452577612397	-0.816943071754034
0.708459995227574	0.720395821010298	-0.312589671591318	0.157476783248911	-0.632147380263259	-0.913670572902104	0.9518055579382	-1.48245343849850	1.69895498393671	0.39869805644017	-0.00670829542757016	-1.28528119011329	0.524874700114267	-0.253533599644667	1.54668252705290	-0.71153655264822	-0.219418379056507	-0.995625700528436	-0.228491352029824	-0.661292953238609
-0.353070431853749	-1.02021774564043	-1.00956616975110	-0.00972393775874096	1.89039758882693	-0.706005529167255	-1.14916598497774	-2.00722236938830	0.711534932527898	0.848805466539286	-0.297902976968597	-0.546936596404055	-0.607164192388282	0.954433960742327	0.808341578305425	-0.489284640970806	-0.0448749291460281	-0.143594206958969	-2.67901332674387	0.959802695095873
-1.44099889126602	-0.314190145293572	-0.150623503791733	-0.466869869524413	-0.113434517678051	0.810640607851487	-0.298089243357119	1.02642919666912	-0.369551349622594	-1.10748846627643	1.00206564472418	0.86792507401532	-1.57953768767588	-0.652934062624402	-0.5996486268312	0.0117769294004846	0.514704603363431	0.188858062852921	0.373466340909481	0.320839801910926
-1.66295756149141	0.429328635649305	-1.15077006684108	1.40905801393824	-0.774805391553958	-0.122133326700240	0.127659707316715	0.670903512104515	1.20830156158503	0.605861082316989	-0.98058943042887	0.520889436757215	0.900685932917413	3.00193981134112	0.148094471037715	-0.110478878812451	0.444445016130167	1.33813833601868	-0.71179324273954	1.64099734662820
0.158501256023791	-0.892726709945267	0.706925874190422	-0.159268355548338	-1.42752973688045	-0.684572121475515	0.155396486795723	-1.30934958008176	-0.472531408984722	-2.04640346247855	-1.28116577733833	-0.479612250310081	0.0594985902148774	0.732779662513115	0.79343739793831	1.52942762699606	-0.524021862538433	-0.0365498743756765	1.48316847979229	-2.42019420107331
1.21775760511991	0.338536345522343	1.50518373998662	0.673730057129115	1.17788859056063	0.682413335407307	-1.07632994046674	-0.470221425474401	-0.118274049382286	0.292935350468286	0.243008686201074	-1.78413317874702	0.726764584187497	2.10251596576764	-2.14251900310898	0.809757364122901	-1.74087937675954	1.57485950160105	0.697953176197066	-0.270131808620857
-0.122719336588203	1.20603575861034	-0.97610935028147	-0.33321207649347	0.434493019958083	0.65738722254859	0.521993707377617	-1.37662618446215	0.0995140020488466	0.245810312513141	-0.331180702930405	0.0268229931072112	0.360153244677194	0.138240157772497	1.11072027669181	-0.54967947407785	-0.977341158576346	1.10962429458917	0.665418526965665	-0.328175968867575
0.189731194040829	1.67417311815081	0.96843138531197	0.300210106114868	2.03432047869694	1.03320351169196	-0.918634800393485	0.366840024935525	-1.11119179214486	-0.127031610909112	-0.421947420519792	-0.0452836461293183	0.175901893202879	0.142471708168806	-0.55742457457557	1.67437706441735	0.212446044382439	0.0201556379916961	0.215775637321303	0.90297390717872
0.300115290154179	-0.134390614220987	-0.212704251166223	-0.843056712190054	1.05598675388555	-1.07373949313121	1.44788560788685	0.77358249253682	0.0487804664124599	-0.265688456068333	0.576790791131279	-1.92775381984647	-1.02715106612535	0.650492571273909	-1.22004873630836	-0.367304690845619	0.216982723720646	1.37479040040432	0.799759740952686	-1.27843031303291
0.550110507993318	1.30858724511921	1.74107822946889	1.47844792807668	-1.81629050225161	-1.05805052215065	-0.0383888575756895	0.547613311344144	0.822631810933457	1.24368277986275	-0.445430996792711	2.08727932106254	-1.22366692803955	0.725749383080184	-0.81650643183528	2.80942023514056	0.407561333126389	-0.134615483639748	-0.0754054036354795	1.06939594424944
0.688747369897628	0.607258220006343	-0.396544122069041	0.154009724961072	0.089727467767856	0.918482499639469	0.128814618299839	0.523394689689027	1.20283273709228	-0.901426404870156	1.52102035194705	0.9508457343481	0.542494521903878	1.25606034602207	-1.59452585481489	-0.610076949115808	1.19944452750267	2.1935096250274	-0.452920051728206	0.214598570874995
-0.329500894315712	1.37175743022258	-1.28892711663968	0.351985675609374	1.83334849932101	0.446744045965586	0.559630659628887	-0.506518537128501	-0.0426073279992572	0.467315828922776	-1.20922767340116	0.107090283122611	-1.21923065486082	1.22041485174493	0.898348744161194	1.41693662659571	-0.316091409580215	0.204246193543551	0.371838853714925	-1.56732583662686
-1.43459707867797	0.491908174211523	2.82626788112652	-0.722661312348404	-1.56065830413127	-1.46110341627491	-1.23777506223165	-2.34512357201248	0.762534651388357	-1.60685996420226	-0.679407433656209	2.15397523531246	-0.420481738938229	0.465310812136001	-0.768147417482838	1.73348164939957	-0.9346543532941	-1.17927255271079	1.06389001941481	0.374809749731092
-0.240281072099492	-1.51829032268849	1.58404167350792	0.141557132541827	-0.503743129452358	-0.317931127784478	-1.15602994565116	-0.102682264536094	1.47795020475738	-0.668479184487417	0.711267813812033	-0.235920327995782	1.7327898871781	0.441942412879269	-0.953613341447363	-1.08238720857553	1.71919059610537	-0.492770930261976	1.90285096475888	0.632767546552793
1.41085497543784	0.247940142022352	0.377691679191446	-0.229328898060707	0.211665536518128	0.307945525980469	-0.389531194500102	-1.76461684399819	0.130761049199403	-0.921838695326275	0.811276583398997	-0.790075432898034	0.595000931610934	1.77496378539288	0.098037823085153	1.14404619098261	0.5711464336984	-0.867932265557455	0.50701165461723	-0.179402888693953
-0.975853770706853	0.174884766097635	0.762874920677703	0.502373322184289	-0.992096109398983	-0.47085800968618	0.071487263968652	-3.00694987131968	0.145476560754818	0.414297966512509	-0.448838720548269	-1.53633680340532	0.579962282300939	-0.671601770666577	1.0101904781675	-0.0768641249249656	0.303364704014202	-0.643871151355538	0.0323844893308204	0.58376354403798
-2.42241847682247	0.770430668127706	0.265520372847840	-0.817571376610033	-0.864230772476583	0.646120547778976	1.25183549834428	-0.723132381537422	-0.415562809254946	-0.190779987489873	0.339834071013227	0.174067978432144	-0.928352397182599	-0.411152100713559	-2.94984699793929	0.944377730612452	-0.653576451011243	0.971009316711174	0.506772213084873	1.15595277365108
0.645742545911157	-0.0238701349791537	0.419207529154137	-0.604954846121113	0.372656206391907	-0.396370308808575	-0.849503552661669	2.02087984536644	1.02480955793152	1.64882788783847	0.657850155048586	-0.637051934087206	0.390767895973967	0.906958796040576	0.244830513271577	-0.531692522778168	-0.415914393839169	0.768346253389638	-0.139321700488455	0.281370166951609
-1.29262288638778	0.180198202837946	1.18453638733831	0.452390445885412	-2.12570776944506	0.0304461352397004	0.257592833709966	-0.803850032360301	-1.28096349078137	-0.986560708024861	-0.376112619104909	0.622192775019871	1.831656632879	-0.370389160813347	0.158783502030026	-1.25377268251539	0.132529502683770	-1.95748412989426	-1.10275990054827	0.481860106682469
0.380699073092806	0.514843481304282	-0.362004939406095	-2.30723491662941	0.74858151542068	1.16612615055558	0.574499300229865	-0.232168624802956	1.54452341763117	0.413019357360355	-0.916373110247832	1.05940626954716	-1.48857234875022	0.526885272170136	0.859043902316077	1.08254949388710	-0.238972588082997	-2.36431598990677	-0.219500033556162	-0.293116300729921
-0.243260785917696	-0.519323614741027	-0.0147986820426056	0.57073586915751	-1.07454513770019	-1.61352290570770	0.0596992892321902	1.24639722552044	-1.34544477168861	-0.955800338464595	0.583810274956056	0.401818652766038	-0.714354497113644	-1.03853621063797	0.172963158394935	0.322819534102739	-1.25670021347546	0.537494275781814	-0.692301220877833	1.36091715449218
-0.463721270145823	-0.571580930901122	0.680329218261973	-1.30610499044317	1.06160853999447	-0.393774201005945	0.906831840278515	0.21387518026255	0.682577356060733	-0.337519449831196	1.23901077567836	0.434718280558609	-1.17525737962956	-1.34463695461411	-1.2694318466871	-1.61521350146855	1.28847216898678	1.04228565942246	-0.807747227214212	-0.282296413979073
0.625612014907991	-1.82828598684403	-1.31123412641929	-0.618306253992198	-1.61585060165449	-0.870530922557155	1.15146751588533	0.884570975624806	0.550464425691508	-0.277687979256997	-1.14344263728948	0.513414422816261	-0.543496051607193	-0.201781150603731	-1.14004217645745	0.953889602235816	1.37133386239069	-0.167684384932944	0.807539614173703	-0.704296499487146
-0.663464373927013	0.401272920616508	1.86536857711437	-0.479135219265716	-0.589581199755869	0.247291150482671	0.336770413747525	-0.929853882938092	0.668404572626439	-1.48984066970160	-0.385227970789977	-1.21963783551887	0.433757945400421	1.64481195082434	-2.08986205573149	-0.366677988837412	-0.0212225260765258	0.613929035754368	-0.2154463524916	-0.108357171105612
1.36607809789961	-0.743883883537129	1.34633044358981	1.51024451134368	1.24932870166353	-1.35013570866013	-0.887507820928507	-1.61845041643827	-2.25285891041529	-0.07578109954266	-1.87203527318772	-1.12419171080849	0.931991537882977	0.580529853725926	1.76922438570883	-0.419183608823534	-1.07339563717957	-0.735996031086763	0.822095213579824	1.79258778411611
1.98316053186103	-0.955272883644404	0.445001919666302	0.472056012712055	-0.162164041012785	0.684965221471002	-0.109727223176413	-0.345141932112229	0.752177621284717	-1.04905113360622	-1.09711288075191	-0.383272997822905	0.293650208513791	-0.635123795338443	-0.933580974595714	0.544563202312563	-0.416955220679348	-0.0401395854136744	0.263579628864876	0.129299410669442
1.09715829143861	-0.395834249070859	-0.740990991982708	0.1036652360969	1.15690067214259	1.16123734505638	0.178435939276516	0.388353758023881	0.73980455949592	1.07338168180865	-0.603035337954084	-1.25079142318848	0.423771853004751	0.403977602358173	-1.77124756520087	-0.541507815678105	0.354360931744544	0.67832882731559	-0.413759690361276	1.35211892336809
-0.955409774555912	0.300088512555472	1.38370550154152	0.280092950583629	0.620124513356971	0.0528482766492344	0.99316109374319	0.770976776250845	-0.299567443491174	1.37550654140368	0.460133289244753	-1.04606078297841	-1.41280703092828	-0.134101838245426	0.176754212116321	0.197288944956205	-0.359468146300203	-0.416998531543199	-2.49513930641483	-0.65488992555264
0.901166389099949	0.722739151529261	-1.70808660875231	-0.253385433963086	-1.17399167532928	0.785099433714668	-0.237183865594088	-0.50339201954165	-0.670433593948566	-0.615119679395696	-0.644043195012617	-1.40748405315848	-1.15962864295061	1.08511463859233	-0.845496683380978	0.328419417970527	2.38174766291056	0.137118532030417	-0.119330502965481	0.089658025502056
-1.01857143254306	1.03837176335595	0.376086845575549	0.672550726147318	-0.835159925904758	0.0588475512522232	1.51662452266101	-0.651552384925316	0.277755884246207	2.16183676532313	1.13654078581177	0.0980069987812933	0.264300672801024	-1.57396603268528	0.0890752312197986	0.954995253670486	-0.81034269378646	1.46025607586105	-2.03892550708298	-2.53584170602781
-1.12519905504831	0.679868396248524	0.577223808316432	0.557709510939338	-1.50255972021059	0.183816928327259	1.37812770526505	-1.26411985422126	-0.509543427702969	1.67761907598806	-0.487211612023702	-1.08705464615116	-0.450543947464682	-1.63536030253290	2.47813270931809	-0.402985064835722	-0.00152822130414368	-0.978660878089727	1.10631119567411	0.233785416701021
-0.179478625794281	0.738377537384013	0.0349831828857931	1.22749359101444	0.474967984256166	-0.495289690434318	-1.14746198895456	1.93377687361575	-0.0760824306473462	-1.03547003816965	1.25336643755117	-0.00620992792491249	0.0118880206998070	-0.664032662540624	0.414633296346111	-0.82407075860683	-0.198784174601237	1.14294590225129	-0.582580502665844	0.582029149229036
-0.516109515974349	-1.68150250115983	-0.0230221494116108	-0.152095438529959	-0.549374707891128	-1.18935541463217	-0.727498558169422	0.508045833083138	0.549190530389701	-0.34382858262374	0.160454955214662	0.834284135436871	0.539818211559791	-1.53489816463672	-1.3687709085515	-0.399478649516699	1.73701154630282	-1.79463057293833	-0.777584195900896	-0.850486569586888
0.670083626640888	-0.349500105429563	-2.73013113015545	-0.181759965237385	1.46989808023679	1.24658455523696	1.14600708796121	1.58234309633345	0.836039544898967	-0.975792091258417	-2.7802032079527	-0.201041568012412	-0.285378706339995	1.15123450090988	1.54971948002739	-0.0422939058306142	0.0374626643089536	-0.550675265615634	0.0579426265530422	0.949446425111349
0.83028804223188	0.0347765327620466	-0.771204234952382	0.798104697765359	-0.186955271598194	0.865624076257125	0.808667128543932	0.490189559802459	-0.363137307911257	0.316556126578429	0.593380135878484	-0.409278563246101	0.736793278616722	1.73884796608522	-1.98621072446296	1.07493631213240	-2.05762957090063	-0.285611191141602	0.852934528249111	0.288436319278195
-0.729331080120529	0.443056831705266	-1.38619605843057	1.02228358842006	-0.0797970214049877	-1.62882436752435	0.714755388011587	-2.16482439422638	-0.0403704839316669	-0.0600037764643825	-0.761092912760652	1.47682643997773	-0.337069129011933	-0.0554526116376814	-1.19090483571660	0.0956725047485447	-0.59961188791548	1.47747775721332	0.197960541029074	0.118011695404201
-1.47394766720918	0.165790186710137	-0.429915358982181	0.703346744200909	-0.225963665071204	-1.42787758240933	0.257422435223658	2.03674625259382	1.46440504529231	-1.01312337686473	0.210565516243184	-0.170553516416228	0.273086359751531	-1.73583179036791	-0.08794788603357	1.20339125618250	-1.29025724245844	0.896122938319741	-0.641447766477075	0.210548225542219
0.867425031582451	1.52910694570051	-0.11671313705473	-0.0730076825693455	-0.680366615280111	-0.0255522915309217	-0.756884309720652	-0.0828719775627707	0.802102023583992	1.37730985313874	-0.0201349399873296	0.574703033965873	1.24603534093570	1.14709938251515	-0.462405395059988	0.470641941239348	-0.346933146313695	-0.391829729192022	0.91225129699825	2.04085617283591
1.22960723016938	-0.416319294485806	2.2111808528515	0.347112292388375	2.06563907158279	-1.58452499999556	0.282224765459821	-0.709658154677949	-0.541974298154747	0.175054734437765	-1.05075027924397	0.119180999978994	1.22600029129815	0.319576154670438	0.020329261585691	-1.23182495123555	-1.27300545077125	1.18686271226071	0.348410163514357	-1.23967144741709
-1.05325716816184	0.936121889108106	-0.175069217872044	-0.296272198085707	0.299885953017403	-1.88474530850152	-0.471364384180696	1.44410966668903	0.122265695950921	-0.772747644410414	-0.0517211965602072	-2.08995862049489	-0.764890623201509	-1.41672257029179	-1.37106111368463	0.662769143983512	-2.38990064394246	1.39516420289870	-0.819534369294312	-0.110985380316398
-0.0211418442790487	0.092147783849961	-0.853315479176991	-0.180379193867133	1.27232729678131	-0.5987944918507	0.348831071627647	1.29629378557028	0.81402684434223	2.46296652878986	0.620152598119629	-0.457407625160926	-1.02379992042084	1.10828341061614	1.59608446532697	-0.260040082711401	1.06874859814551	1.20920428666145	1.21586239797614	-2.10718475717468
-0.124962779017358	-0.398393875189116	-0.0935680318816911	0.66734973827501	0.155467981888883	-1.09085732315372	-0.827837525430908	-0.823376882111137	0.0718389132007491	0.232574408698090	1.03624392478579	-0.618937750622241	0.651246700769528	0.241961738650633	0.525517111661832	0.181805260087315	-0.412249686837452	-1.08350104438406	-1.21411039193773	0.593929873725114
-0.606578793700358	0.0400354216981869	-2.19869692902768	-0.910880941359191	0.460766705511723	1.94077069930533	0.956243785460566	-0.774757162798652	-2.20253802994381	-0.227851994009363	-1.31203106072198	-0.065000545419855	1.80339108560756	0.988149223574628	0.783242832853909	0.0441914775255719	0.0517901841235415	1.38544339595053	1.80279313586931	-1.16452233230655
2.06359988719481	-1.30052111855633	0.503877609446296	-0.000325911823257826	-0.820058558844473	0.466249031354413	-0.313220597092703	1.43935154856697	-0.901601412664656	1.00168471801957	0.723620729814643	-0.698749048729351	-1.18192848755565	-0.513823117014992	0.381109984090463	-2.22739458347423	-0.18308912569696	-2.65122478862974	-0.0541820966270677	0.113358044500558
-0.96296208016509	-0.544343970239433	0.0325057158716247	-1.92423418766604	0.356850842217941	-0.337515514909855	0.151390248150272	-0.242470477801515	0.0225474456284937	2.519402373625	-0.404044003265238	0.48296748187217	0.62513685965089	-0.692273015211337	-1.34717353563204	-0.250092052880544	1.17061764501443	-0.500422061628467	-0.464426323608313	0.972749573187494
-1.16664173166661	-0.473820820985986	-0.98733306083234	-0.937589741021065	-0.414313577236300	-0.547646360877258	-0.184466679271891	-1.19071675213733	0.513709119583572	-0.591080660372344	-0.272785525215832	0.676909951851512	-0.845025635434057	0.0584008481669667	1.09400540581183	-0.814857094209928	-0.0340270296573881	0.253924397748794	0.494680482729053	0.60852142364994
0.256391735746078	-1.51668746051734	0.0136414156074991	0.0732539211480658	-0.0460305672078965	0.663418625200123	1.05053185589886	-2.09273725698620	1.51059235691951	-1.43223130571336	0.441595849588206	-1.02953146813951	-0.691794851077818	1.59542717011795	0.369908694417755	0.78760093924877	0.325819316136407	1.6401784970016	-1.59004793602439	0.485037818877178
0.207907251391462	-0.886743347592194	0.118667973591311	-0.508095753868325	0.369175031836654	1.36921165133716	-0.261658574989055	-0.840092568347064	-0.845562912000975	-0.892411255342674	-0.972699087950695	-0.975333163637396	1.66284034496962	0.302246286931767	0.350734981380943	-1.52375231438113	-0.342734412059613	1.19376237821481	0.863282025885352	-1.20781064605052
0.51571442851857	0.484463062015338	1.97806208401881	-0.42944454330684	-0.550921571019736	0.502259606225545	-1.30796646505690	0.458382952458379	-0.646918548979583	-0.230509349132916	-1.05825391651923	2.05691949442936	-1.78875870786754	-2.27033107482113	0.43239097088306	-0.230571771010963	1.23107923828791	-2.29295083523866	0.288470111716915	-0.954518205953377
0.81085508467956	0.0901352431198898	0.830956721064204	-0.0672986543707127	1.25489516220796	-0.356363476788945	0.679523539691294	-1.08307329641750	-0.899658639850215	0.701498658124992	0.482382773172707	0.0681639081789284	-1.61674972236559	-1.63920358226178	-1.12580097396113	-0.151341647389600	0.244389453349485	-0.823772519715334	0.675497406806503	0.142664097801156
0.286049291470306	-1.02516241659744	-0.65110317901202	-2.41848170377719	-1.35915627813838	0.581114351017511	-0.818194873582603	-0.844498702360691	1.42240196607021	-0.498952466944235	0.501588427621914	0.192044072915467	-0.655583040076912	0.176358274638673	-0.377900777085832	1.61107803298018	-0.384390869875621	0.632195551481138	-0.253417625361068	-0.379778095494589
0.868707358314498	0.817450272175827	-1.47598217283761	-0.185655705362425	1.20429182182290	-0.292536295659257	-0.597763151404396	2.1169117170442	-1.01930520724823	-0.0735533797893583	0.0694605155664153	-0.0729455120142854	0.44479183753464	-0.379874341704617	-0.442026230936424	-1.11954625308342	1.76947899022141	-0.970500642766898	-0.410530374656065	-2.68488866104739
0.549413336939996	0.262361011592975	0.0620423358037398	-1.67389172918440	0.211411624080458	-0.576652621703868	-0.152225657312272	-0.333692795016469	-1.25119177407101	-0.353604951959030	-0.919508719611192	-0.830187698919901	1.95564263667727	-0.49136126450197	0.88132133438586	0.0600812537730403	-0.584632517866961	0.572866863671076	-0.393647739868672	-1.13957722850578
-0.0891452796159918	-0.181023078209478	-0.66456683045482	-1.61071537351276	-0.583224667492057	0.784275372451453	-1.13749871757005	0.958333135296398	-0.296958191159373	-1.85277881158297	-0.303672351106259	0.633608245572522	1.89019828034762	-0.248962798737509	0.468418284647769	0.420799827233763	-0.730784158322694	-1.33128058556009	1.54940413427707	0.413932699697404
0.334267116412374	1.57652123030242	-0.849780853898716	-0.168094028273187	-0.285265277745169	0.177581224551091	-0.499416121150433	-0.854142460375401	-0.199401499265714	-0.685435351628657	-1.17444000616726	1.53876503865288	-0.519592470068275	0.364321117994546	0.701648999471551	0.748714471124844	-0.214702488485659	1.63096495374435	-0.208616821061358	1.28558661840642
-0.330977395290049	-0.733426277741977	0.660260084749974	-0.66251323523224	0.929201362896433	-0.135637560729173	-1.53744646543114	0.932762737793964	-1.21974084501867	1.01779373273620	-0.248861445204586	-0.52929163326576	-0.673192349695401	-1.48180941993636	-0.357870550967944	-0.0354556601023606	0.0790553355986228	0.312392368640138	1.19193816632119	1.10778379948363
-0.335662874575239	1.46663897094998	0.38590579772962	0.209065525022776	-0.98572469476501	-0.320835615733466	-0.174624611392357	0.52785346967562	-0.467767115585416	1.54416684604546	0.816337794266565	1.84220659905037	1.70424981903391	-1.48972052771560	-0.88416161248202	-0.629849058628864	0.16359771207636	1.05803993653530	-0.679699396601211	0.156849287437773
-0.137743233953623	0.120483448488244	1.68943361583738	-1.55583545349601	2.12925113891470	-1.05091965997928	-0.540823114912738	-1.24962839210790	0.219478891455951	-1.66948538570462	0.208460766226791	1.01785553466452	0.455556513510638	0.858246663493722	-0.545442883418054	0.147699641950577	-0.368532359007017	1.47174533626242	-0.392266000130672	-0.177144449572065
0.187935622067323	0.127449733860824	0.311321027359351	-0.307594337981434	1.15768433823084	-1.1463183375175	-0.928752611416697	0.291692565329611	0.473186230407486	1.01373094808079	-0.138118013535598	-0.341660049700074	1.41846131497724	-0.0579044504937621	1.16788410194445	-0.420555066850814	-1.06632472851211	-2.36651788383633	-1.47902929599303	-0.871147228023736
-0.294029753358208	0.149981536798208	-0.528904904165113	-0.197550689444170	0.51692718072346	0.400813395390048	-0.113611322590110	0.306814202562115	-0.84817852424464	0.0496753485967198	0.541275940027195	-0.794405561861757	-1.18166139083704	-0.628675536242475	-0.478633553544837	0.59235186068905	0.144543666667685	-1.32856475852666	0.280768370050379	-0.372749545619257
-0.409889333282336	1.74851371449659	1.9140805400544	1.84739270266199	1.21165445429754	-1.42922662944384	0.67310424157345	0.455073326440073	0.90450185004804	-0.298754715999219	0.0404320923090355	0.426102255056468	0.0604058778525816	-0.548682832530109	-0.664158700794755	-1.20158662207353	-1.11922503928829	-1.59378877667894	-0.299192317544255	-0.187151474371048
-0.458528365789169	1.50433305703765	-0.996072822226716	0.937689469493724	1.49143176455872	1.20231597442914	-1.54668630074139	-1.00925877002190	0.513813339472743	0.26652144058756	1.36003894613679	0.999358803066587	-0.752168463386161	0.27982725246151	-1.04831426417580	-1.42516457999938	-1.86182810735430	0.114046554839911	-0.415052610659386	1.11464065964062
-0.953005964068847	0.682020859772398	-0.882637563671359	-1.01645856937304	0.234050665184754	-0.035586568302842	0.0309455238224054	-0.161511098163867	-1.62996715598661	-0.901319832679229	-0.0908124158965946	0.288198550341458	-1.41787507387638	-0.0708610057990404	-2.39512086783567	1.26671217677301	-0.56681489116471	0.451081894767175	0.886552182168187	-0.671468806557171
-0.0343516919749447	-0.0537984950520734	1.84072982003271	-0.0703634477713562	0.640563704004272	-0.86171741277139	0.180889265562661	-0.573755183125777	-0.265877172084486	-0.394472358935409	-1.64771866532521	-0.546792688167822	-0.867333389499888	0.930167158997598	0.182794689560528	-2.42170449826782	0.394996144318842	-0.993071184325946	0.801753889753438	1.10193296502090
-0.430083855255496	0.0353350032157104	0.756437988202521	-0.282704691368796	0.295878027752613	-0.208366495608488	-0.710782257691809	-1.45238323016696	0.322439168248593	0.598204281236831	-1.00527079603299	1.24291912415013	1.67977649896690	-0.0394389802729876	1.72847484683621	-0.004268880505437	1.88780669728906	-0.250826073672819	-0.657521389931753	1.03646654595979
-1.01442497125880	0.600234628884161	2.75365958614878	-1.25517751856603	1.09559071038612	0.422000973116483	0.0167063762204538	1.66844141725087	-1.16243868705357	-1.32631764165734	-1.12308551691137	0.525858267200933	0.252078457472269	-0.121360652988045	-0.460406793839448	1.34718362053083	-0.39631116970407	1.24665134333481	0.714653096204119	0.0342816529911548
1.44203180525831	-0.633998895576832	0.356324936229073	-0.148129794570235	0.225159267926985	0.526182135539931	-0.0249516421781509	-1.58635703738252	-1.14732144434067	0.0619328214658425	0.715860575568534	0.732593983463985	-1.72620329090539	-0.0665028067226824	1.35556484968774	1.63490158326931	0.448883658435918	-0.956608456512733	1.11485787172520	-0.0536381944894598
0.470208405762044	-0.0399669195477023	1.90419635337206	-1.71770612311648	0.311920329372231	1.74140959460389	1.83177515043886	-0.186076090072493	2.96606425270806	0.889210362953305	-0.628698855820355	-1.49488957795139	1.23512744296934	0.301828433612362	-1.03203690872461	0.614567247330261	-0.848793073360188	-0.165097729336245	0.78978452906719	2.15033853560309
0.662144968836158	1.03408764906290	0.549123375002602	0.700987343232233	-0.803505026701932	-1.70451673101968	0.147256834978183	-1.82073198507774	0.655873017976031	0.507686447088065	0.651839250873109	-0.28225926198668	-0.142486001919944	0.667507258215806	-1.15239196078259	-1.41738747081426	-1.99030827541166	1.61788538387769	0.362673478024141	-0.773419450271635
-1.01569877911234	0.385436187152902	0.286598742245784	1.40565367540094	0.903106398330275	-1.11835384736705	-0.493313264954351	0.820358097998943	0.342711939818664	0.530093930260142	0.172095240217040	-0.168567874267135	-1.01021127224270	-1.50269666189161	1.63414423434623	0.449920368709705	-0.832038979608894	-0.991190602564355	-0.199052131234261	-0.0355838586052249
-0.871060727285819	-0.9234305601391	-0.461666393202725	-0.322282488829893	-0.399843945943881	-2.43005138940533	-0.529311826892551	1.55731930495414	-1.99429274330056	0.948286750628384	0.224860168526259	1.02378012311004	0.486153769122536	0.539619155071113	-0.49398662596067	-1.32813906300260	-0.0391516684820095	-0.224836645080323	0.504630331312658	1.04937709674195
-0.197463192073281	0.421552857940291	0.547494878153522	1.287583131479	0.432239895405465	0.0206883629526476	0.345350423283788	1.33773171822452	1.02631639138505	0.486382026964813	1.07485900052108	2.05365140157572	-0.0109206035598896	0.445687476394454	-0.522056985315733	-1.06862551563359	0.0669554691642709	-0.360461931290544	-0.0905718518142792	-0.264567622689124
1.02692300142507	1.44320623806202	0.292282446699936	-0.471252139913179	1.08297084379105	2.44988352649368	0.136794982070182	0.235250723792751	1.15978755255899	-1.45487451123772	0.845828163441412	-0.823873674402842	-1.48889164588807	0.707865861007556	1.2275628798323	1.54155732228965	0.0099274104028109	0.316952981694754	-1.64098126492963	0.0386958893062664
-0.589466184783586	0.340979025624347	-0.218621204409944	0.344923642052309	0.0254797832393968	-1.12401520274916	0.0996203526709772	0.445102749848116	-1.10745755645303	0.149379264735960	0.953124442355347	0.558151426541949	-0.143172443401471	-1.19210109436287	1.15485510179004	-1.24818343524849	0.147789489012139	-1.22782569477692	-0.463091827342921	-0.492583034706501
-0.458487837285061	-1.20939766382626	-0.200127311052926	0.782693891888685	1.08524655220000	1.67983038920378	0.129477807933373	-1.66662396600960	0.67355997720984	-0.203999701448290	-1.08503657681298	0.0076292873508062	0.277506012986445	-0.718644495499804	1.08246635687381	0.303093929271208	-0.398057830811320	-0.473377559984923	-0.0604352523472438	0.0340340198750714
-0.0504372384500922	0.171555250233942	0.849699049721917	1.9989970756948	0.605963067442574	-0.0839476207549283	-0.490102381529212	0.301302104484605	-0.516513594087748	0.490303974269516	0.962457545571316	1.48155937766454	1.37782518668935	-0.602814876245842	-0.479271577204151	0.167870153229521	-0.546987902026627	2.1256197655609	-1.23663131684923	-1.21272298022490
-0.227216232257808	-0.264372172674494	0.468621124953532	-0.201991529901431	-0.93740465777456	0.28552919430226	0.925559889266277	-0.77722866805625	-0.491596920708704	0.233952598951181	-1.58292861775703	0.680965272771972	-0.242903151522672	0.230487568904062	0.398816075673011	-0.107793269232282	0.312649391705814	0.428541933576267	0.337371315145829	-0.441732832601357
0.233711617483569	0.605967330320351	-1.07975534443584	0.363742717113875	-1.27823203269211	-0.801113785077042	0.864425480487129	0.197338036955324	-0.939013219037205	-0.0987533832953598	-1.21015585913274	1.15551110428806	0.872234504807621	-0.576770308066954	-0.501996424100633	0.252904954626115	-0.175606427065545	-1.17332648505666	-1.41311206902754	-1.00841155521637
0.410326336497402	-0.625610238483494	-0.858715659599076	0.297248320071582	0.834538057922592	-2.01850196020091	-0.485973900176471	-0.281535530335101	-0.367962677291241	1.97676527394212	1.25671672203747	-0.09358428348621	0.966014953390716	1.35151306834359	0.551922334691601	0.990563932490119	0.128942934009662	0.133300342617438	-0.397594748821129	-0.201234898235427
-0.00789281761059278	-2.20291257331324	-1.55470576930260	0.385332978956212	-0.572627949315281	0.793239549653175	0.088141513254207	-0.477852734527018	1.41483139457964	-1.49673569664748	0.653640474339749	1.963061994581	-0.49155161161397	1.16953236585188	-0.115530626104065	-0.363310968515329	-0.171345492999149	-0.332363171682648	0.124230732981301	1.89962154833634
0.737075499326458	-1.40555239495807	-0.494510680419703	-0.946767195989805	-0.416282112681448	0.127126978082534	0.311325345011334	-1.49078836322057	-0.307096933351485	0.636590629151409	0.845492063659784	0.642530117823253	-1.39294576468181	0.213222582958676	-0.539483540419804	-0.342884144332295	1.67896514066337	-0.38927003959311	-0.486765375663554	-1.76404527361209
-0.441424892355937	1.92446072971143	0.898414110211496	-0.376489880089029	-0.564815758890617	-0.238167993899284	1.14935966131292	0.488690577100244	0.882426167528003	-0.578970724268768	-0.529574138022967	-0.302030748481079	-0.566071151173939	1.07730213604415	0.32449813901247	-1.86838166931210	0.112608629734056	-0.0951642372434265	-1.27158432934445	-1.48645027342883
0.117456291678238	-1.20669143317532	0.146754685710259	-0.0260728770913715	-1.48985582910795	1.05531282204801	-0.346187698858058	-1.87224715484322	0.620869774138936	-0.703037761555845	-1.14633186631806	-0.328534645764183	-1.86706597476485	0.290390056261690	1.18036434970833	-0.184387064837865	0.820537850447919	0.312192849360407	0.945541260922797	0.187852489038971
1.215186104439	-0.502018842340349	1.10808415604485	0.297004772146891	1.03789432017687	1.54031278742957	1.70506495411081	1.46461782512832	-0.500295552985515	-1.34620520712121	-1.42613699436785	1.26422655267403	-0.638170666346428	-0.028631632406514	-0.230875789364157	-0.264651177551294	0.087170079256045	0.163098824202788	0.71879578351529	-0.903025568904738
0.0508994957536185	-0.109293948403758	0.668656114596934	-0.603286011643968	0.874625057135121	-0.490550587347261	-0.072781877952613	-0.0693562750086571	-0.627904817207344	0.368016878757209	-0.66981535195718	-0.512918900912608	-0.48310480048091	-2.66925207006228	0.0119937808382766	-0.420821585616964	0.839047088486243	-0.267690958365365	-0.676921064784793	-0.69463393019891
-1.44122382822428	0.581992134485676	0.232268132996952	0.238327850202266	-0.294571657316554	0.8260757547389	0.337371098626367	1.45958745616923	-0.243359065009958	-0.215673111350783	1.44752539577862	-1.78398993106734	0.207809834659567	0.464888608525758	0.464362100345177	0.585225432174269	0.629397199202273	-1.72425401872356	-1.03239787702265	-0.837953629445136
-1.03481100664341	-0.154635584716104	0.903625039439377	0.268001347451027	0.0357153256155325	1.80768252071329	-1.34911807906165	1.32345813903199	-2.15600680080929	0.0808845942037597	0.964900947380223	-0.59787129840756	-0.437388899598967	1.60182970640149	1.98314817902043	-1.64722846325077	1.25651173742726	-0.0557857476120707	1.26169353041286	-1.28490410793902
-1.18764900370742	1.19412246300556	0.0105519731714893	0.0837517129522632	0.0605036614938483	-1.03031011391950	0.91620711542678	-0.471588273153361	-0.656730155684905	0.913477636314174	0.744328097834327	-1.37575323422749	-0.321081201008606	0.713645122316523	0.156460360059747	-0.557685211691765	0.868720056773907	-0.547994231299634	-0.181774712985714	-1.07203722633060
0.0807746895375559	0.441523894548686	-0.864762462980963	0.285496084488528	-2.14753244001426	-0.925131228881053	-0.401833916277638	-0.641082640644342	0.877210254319728	-1.36046762513874	0.747374848630423	0.359367838625841	-1.92922074566563	0.282355265720528	0.504256012321851	2.02376714092750	1.41986092812089	-1.00863667571835	0.490999342399788	0.765901470093702
1.30065572698130	0.832261434011086	-0.0866088476729285	-0.766773017021011	1.50964084599446	1.38068648749305	-1.37355121039581	0.27869681866553	0.0509978075615738	-0.806590504467033	-2.32744300180908	0.674214314083428	1.27829646534556	0.0961414525764464	-0.558002513173684	-1.37990667169437	0.86306139050159	-0.163301196079248	0.237855928687803	-1.57684039277514
0.782273044183817	-1.21035352897179	0.879884077109637	-0.156563885223585	0.0988951811990396	-2.2485216035441	-1.76165121868130	-0.9790233242477	0.212328760092079	-2.43642572563490	-0.216026385227099	-0.350487745493748	-1.08262546957247	-1.43839751728507	-0.454985567448795	0.561011756561593	0.169159949470883	-1.91729112703256	-0.270979514475799	0.332405983817255
