0.599833927416054
-1.40956072354743
-0.141482682928564
1.45094948584600
-0.839641064884939
-1.91417624943895
-0.101744492596816
-0.423559997400387
0.61268902410109
-0.955693701572201
-0.416072979355168
0.260521284910821
-0.594297866881023
-0.471688998776478
-0.635161125913393
0.586279424997054
0.419684269980764
-1.25033588094659
-1.78409368459865
-1.90475575356600
-0.205555777258476
0.322414892419459
1.41665310368133
1.05012502540056
0.621481900891724
0.0588397506821113
-0.118254352333955
-0.560117013597467
1.07370685895120
-0.0221159110279140
2.61510972566160
1.15395070225127
0.343046198188428
1.04071422094313
0.260906704353587
1.11944452471388
-0.831085055189007
1.03513734275777
0.168512969136129
-1.44593840791283
0.0626727981732357
-0.921710931558052
-0.263722957577107
0.180260058616466
0.463260828176555
0.377165225503489
0.174824956925931
0.114683940680552
-0.51028558133858
0.542235124635319
0.433401205228231
0.112573971289587
1.38982084081893
2.10408630275496
-1.96618725350735
0.0182957460442034
-0.489846695082571
0.0883927977880339
1.46633351108375
-0.309701706045993
0.305654809637326
-0.73856358217113
-0.58587174853734
2.52584860821867
0.782355424178313
0.0173174874334635
-2.22637003807717
1.97676837403052
1.28232159182381
0.824749436303928
-0.378645172238599
-1.77408846792945
0.526610664640453
-0.0563134754210992
-0.211886918077575
0.56972230597253
0.721514020526897
-0.510390131979427
-0.938527716224098
0.35159966500569
0.112616471402657
1.45333257730894
-0.83053861822874
-1.00678278547608
-0.284332149642222
-0.548242206919796
-0.272996688026328
-0.532262752260814
0.608058205721091
-0.363221209961971
-0.392161997012267
-0.646793482213191
-0.0899740974385918
0.454867749339118
0.276168553131908
0.0212902122371888
2.75092838753208
-1.56509168576587
0.073486400437993
2.72033817860250
